0	[11.13869302 14.4898797   0.15003525  2.49953728  5.05350824  5.07803907
 11.87433536  2.68743564  5.55845382  1.26893338]
1	[ 1.76797556  6.38056985  4.77885809  2.82306989 12.09197419  4.6660909
  2.40776889  0.49418     0.49065236 10.68091387]
2	[ 0.31402535  4.12716551  1.67415193  0.86305149 12.7689562   4.56461389
  3.9394319  11.04665605 10.07494708  4.46867018]
3	[ 1.13331831  2.85573818  6.66115032  8.95049769  3.97646447  5.80007866
  5.69325072 10.28554367  0.99976704 12.78869203]
4	[ 8.35490142 11.82774406  0.16180918  9.57412855  6.84411665  0.03572746
  1.979742    9.79543607  0.03454803 13.38778032]
