[30332, 28349]	30332	20091	
[36401, 26950]	36401	37466	
[30739, 5574]	30739	36186	
[13388, 37330]	13388	15171	
[30441, 19143]	30441	37933	
[10140, 31015]	10140	37403	
[13121, 38914]	13121	8469	
[39025, 27418]	39025	34574	
[8240, 11719]	8240	18438	
[22631, 28172]	22631	38521	
[20115, 41493]	20115	38431	
[4382, 38716]	4382	36472	
[33208, 33315]	33208	36385	
[11406, 29594]	11406	38938	
[5595, 13198]	5595	37177	
[24602, 991]	24602	26570	
[26952, 41897]	26952	32915	
[5996, 41096]	5996	36227	
[14682, 10277]	14682	34159	
[187, 34123]	187	24640	
[37564, 36537]	37564	29813	
[9334, 30941]	9334	32301	
[12233, 29005]	12233	38214	
[11372, 34158]	11372	37900	
[23747, 37167]	23747	31628	
[10212, 25216]	10212	37729	
[34205, 30699]	34205	36830	
[26518, 26046]	26518	36707	
[11751, 19217]	11751	7534	
[14375, 22295]	14375	17333	
[17513, 29013]	17513	27936	
[2868, 26255]	2868	27535	
[28983, 23149]	28983	38509	
[34162, 9330]	34162	38964	
[7375, 24781]	7375	28084	
[35909, 991]	35909	22817	
[20510, 4553]	20510	36431	
[21802, 12897]	21802	38325	
[26144, 39471]	26144	34659	
[7745, 40224]	7745	36807	
[5694, 1482]	5694	33439	
[8606, 17925]	8606	36391	
[30623, 38543]	30623	38920	
[27893, 10320]	27893	38845	
[34132, 29349]	34132	27669	
[7304, 43705]	7304	26260	
[5768, 31916]	5768	37607	
[7150, 3390]	7150	33243	
[5385, 991]	5385	21733	
[22979, 1800]	22979	37024	
[23614, 30599]	23614	38961	
[6738, 34883]	6738	38644	
[19712, 18407]	19712	32212	
[28114, 22121]	28114	9378	
[9675, 11103]	9675	37098	
[1853, 26991]	1853	37252	
[29052, 38120]	29052	4791	
[39056, 30322]	39056	36378	
[220, 34378]	220	38596	
[7004, 38408]	7004	38955	
[30765, 40485]	30765	37261	
[30907, 8820]	30907	28135	
[36064, 26393]	36064	20251	
[16609, 39216]	16609	34553	
[11144, 38512]	11144	33803	
[39159, 20588]	39159	14257	
[9671, 31388]	9671	36646	
[19144, 30368]	19144	37683	
[30184, 24112]	30184	28665	
[13087, 35178]	13087	39122	
[16017, 13256]	16017	33931	
[23294, 25472]	23294	14903	
[6209, 315]	6209	13278	
[2276, 4553]	2276	39071	
[29649, 2747]	29649	23806	
[9937, 9504]	9937	26632	
[15174, 6877]	15174	38767	
[17305, 15721]	17305	36904	
[18937, 20497]	18937	35593	
[35645, 702]	35645	33815	
[1297, 991]	1297	22880	
[16565, 37487]	16565	37963	
[14591, 1158]	14591	4835	
[35573, 42260]	35573	35530	
[25068, 37732]	25068	14892	
[25707, 37732]	25707	15335	
[21437, 17033]	21437	37146	
[30157, 29576]	30157	10241	
[30728, 14355]	30728	37921	
[27437, 34714]	27437	35895	
[27244, 29290]	27244	29770	
[31611, 36373]	31611	36296	
[23928, 6813]	23928	35032	
[2656, 39761]	2656	37381	
[9001, 32371]	9001	18477	
[30478, 991]	30478	21556	
[8491, 4648]	8491	32705	
[13762, 4794]	13762	14610	
[5384, 10450]	5384	27669	
